cores<-c("#0C648C","#D2988F","#85AEC3","#BB615C","#CD8E86","#C98B87","#9ABBCE","#d73027",
         "#fdae61","#5aae61")
